0.21722956512688
0.216324313104032
0.147251636855967
0.0848618281363172
0.0458600240822615
0.0252750156962623
0.0152579869536384
0.0104404192284094
0.00799320042010788
0.0066130183303885
0.00573819229968867
0.005128617628001
0.00467632818090093
0.00432777517621408
0.00405317473754101
0.0038342440964076
0.0036589560451771
0.00351905327144443
0.00340873823640038
0.00332392245637197
0.00326177411485141
0.00322044163918867
0.00319889080344367
0.00319682183681449
0.00321464827908339
0.00325352766232959
0.00331543817539664
0.00340329612580757
0.00352110610085683
0.00367412846109338
0.00386903600539136
0.00411401207549359
0.00441871516368107
0.00479400053561714
0.00525124997988042
0.00580112264968172
0.00645151436802053
0.00720451769614949
0.00805223598191964
0.00897145379469414
0.00991743946212584
0.0108175852134781
0.0115661938306684
0.0120224832372162
0.0120147377624987
.0113543616265182
0.00986422446783122
0.00742609077504574
0.00405294211281113
