1
2
3
4
5
6
7
8
9
10
11
12
14
16
17
18
19
20
21
23
24
25
26
27
28
29
33
35
36
37
41
42
44
45
46
47
48
49
50
51
52
53
54
60
61
63
64
65
67
68
69
70
71
72
75
76
77
78
82
83
84
85
86
87
89
90
91
92
93
94
95
96
97
98
100
102
103
105
108
111
112
113
114
116
118
120
121
122
123
124
125
126
127
130
131
132
133
134
135
136
137
139
140
141
143
147
148
149
150
151
152
153
154
155
156
157
158
159
160
161
163
164
166
167
168
169
170
171
172
173
174
176
178
180
181
182
183
184
185
186
187
188
189
190
191
192
193
194
195
196
197
198
199
200
201
202
203
204
205
206
207
208
209
210
211
212
213
214
216
217
218
219
220
221
222
223
224
225
226
228
229
230
232
233
234
236
237
239
240
242
243
244
246
247
248
249
250
251
252
255
256
261
264
265
267
268
269
270
273
274
280
281
282
285
286
287
289
290
291
292
293
295
296
297
299
300
301
302
303
304
305
306
307
308
309
310
311
312
313
314
315
316
317
318
319
320
321
322
323
325
326
327
328
329
331
332
333
334
335
336
337
338
339
341
344
348
349
350
351
352
353
354
356
359
360
365
369
370
371
373
374
376
377
381
382
391
394
395
408
409
410
411
412
413
415
416
417
418
419
420
421
422
423
424
425
426
427
428
429
430
431
432
433
434
435
436
437
438
439
440
441
442
443
444
445
446
448
451
452
453
454
455
456
457
458
459
460
461
463
464
465
466
467
468
469
470
471
472
473
474
475
477
478
479
480
481
482
483
484
485
486
487
488
489
490
491
492
495
496
498
499
500
501
503
504
505
506
510
511
512
514
515
516
517
519
520
522
523
524
525
526
527
528
529
530
531
533
534
536
537
538
539
540
541
542
543
545
546
547
548
549
550
551
552
553
556
557
558
560
561
562
564
565
566
568
569
570
571
573
575
576
577
578
579
580
581
582
585
586
587
588
590
591
592
593
594
595
596
599
600
602
603
604
605
606
608
609
610
611
612
614
615
617
618
619
620
621
622
623
624
630
631
632
633
634
635
636
637
638
639
640
642
643
644
645
646
647
648
649
650
655
656
657
658
659
660
661
662
663
664
665
666
667
668
669
670
671
672
673
675
676
677
678
679
680
681
682
683
713
714
715
716
717
718
719
720
721
722
723
724
726
727
728
729
730
731
732
733
734
735
736
737
739
740
741
742
745
746
748
756
757
759
761
765
766
767
770
772
776
777
778
780
782
783
784
785
786
788
789
796
802
803
804
806
807
808
809
810
811
813
814
815
817
823
824
825
827
828
829
830
831
832
833
834
835
836
837
838
839
840
841
842
844
845
846
847
848
849
850
851
852
853
854
855
857
859
861
863
864
865
868
869
870
872
876
883
884
885
886
887
888
889
890
891
892
894
895
896
897
898
904
905
906
907
908
910
913
914
915
917
918
919
920
922
923
924
925
926
927
928
929
930
931
933
934
935
936
937
939
940
941
942
943
945
946
947
948
949
950
952
953
957
959
960
961
962
963
964
965
966
967
968
970
971
972
973
974
975
976
977
981
982
983
984
985
986
988
990
992
993
994
996
997
998
999
1000
1005
1006
1009
1011
1013
1014
1015
1016
1017
1018
1021
1022
1025
1026
1027
1031
1038
1039
1040
1041
1042
1043
1044
1046
1047
1048
1050
1051
1052
1054
1055
1057
1058
1059
1060
1061
1067
1070
1072
1076
1077
1080
1086
1087
1088
1091
1094
1095
1096
1099
1102
1103
1104
1105
1107
1109
1111
1112
1118
1119
1121
1122
1123
1124
1125
1127
1130
1131
1132
1133
1136
1137
1140
1142
1144
1145
1146
1148
1149
1153
1154
1155
1156
1157
1158
1159
1160
1161
1162
1163
1166
1167
1168
1169
1170
1171
1172
1173
1174
1175
1176
1177
1179
1181
1182
1183
1185
1188
1189
1191
1192
1193
1194
1195
1196
1197
1198
1199
1200
1201
1202
1203
1204
1205
1206
1207
1209
1210
1211
1213
1214
1216
1218
1219
1220
1221
1223
1224
1269
1271
1276
1280
1287
1289
1293
1294
1297
1299
1301
1303
1304
1307
1320
1321
1323
1326
1327
1328
1329
1330
1331
1332
1335
1336
1337
1338
1339
1341
1342
1343
1344
1346
1347
1349
1350
1351
1352
1353
1362
1366
1370
1371
1372
1373
1374
1375
1379
1380
1381
1382
1383
1386
1387
1388
1389
1390
1391
1393
1450
1451
1454
1455
1456
1457
1458
1459
1460
1462
1464
1467
1468
1469
1470
1471
1472
1473
1474
1475
1476
1477
1478
1479
1480
1481
1483
1484
1485
1486
1489
1490
1492
1496
1497
1498
1499
1500
1501
1502
1503
1508
1509
1510
1511
1513
1514
1515
1516
1517
1518
1519
1520
1521
1522
1523
1524
1525
1527
1528
1529
1530
1532
1533
1534
1536
1537
1538
1539
1540
1541
1542
1543
1544
1545
1547
1548
1550
1551
1552
1553
1554
1555
1556
1557
1558
1559
1560
1561
1569
1572
1573
1574
1577
1589
1591
1603
1621
1622
1625
1627
1628
1629
1630
1631
1633
1634
1635
1636
1637
1638
1639
1641
1642
1643
1644
1645
1646
1647
1648
1649
1650
1651
1652
1653
1654
1655
1656
1657
1658
1659
1660
1661
1662
1663
1664
1665
1666
1667
1668
1670
1671
1673
1674
1675
1676
1677
1678
1680
1681
1682
1683
1684
1690
1692
1693
1694
1695
1696
1697
1698
1699
1700
1701
1702
1703
1709
1710
1711
1712
1715
1716
1718
1719
1720
1721
1722
1723
1724
1725
1726
1727
1728
1729
1730
1731
1732
1733
1734
1735
1736
1737
1738
1739
1740
1743
1744
1746
1747
1748
1749
1750
1751
1752
1753
1754
1755
1756
1757
1758
1759
1760
1761
1762
1763
1764
1765
1766
1767
1768
1769
1770
1771
1772
1773
1774
1775
1777
1781
1782
1783
1784
1785
1786
1787
1788
1789
1790
1791
1792
1793
1794
1795
1796
1797
1799
1800
1801
1802
1803
1804
1805
1806
1807
1808
1809
1810
1811
1812
1817
1818
1819
1820
1821
1822
1823
1825
1826
1827
1828
1829
1830
1831
1832
1833
1834
1836
1837
1838
1839
1840
1841
1842
1844
1845
1846
1847
1848
1849
1850
1851
1852
1853
1854
1855
1856
1857
1859
1860
1861
1862
1864
1865
1866
1867
1868
1869
1870
1871
1873
1874
1875
1876
1877
1878
1879
1880
1881
1882
1883
1884
1885
1886
1887
1888
1889
1891
1892
1894
1895
1896
1897
1898
1899
1902
1903
1904
1905
1907
